1.825000000000000000e+02
5.475000000000000000e+02
9.130000000000000000e+02
1.278500000000000000e+03
1.643500000000000000e+03
2.008500000000000000e+03
2.374000000000000000e+03
2.739500000000000000e+03
3.104500000000000000e+03
3.469500000000000000e+03
3.835000000000000000e+03
4.200500000000000000e+03
4.565500000000000000e+03
4.930500000000000000e+03
5.296000000000000000e+03
5.661500000000000000e+03
6.026500000000000000e+03
6.391500000000000000e+03
6.757000000000000000e+03
7.122500000000000000e+03
7.487500000000000000e+03
7.852500000000000000e+03
8.218000000000000000e+03
8.583500000000000000e+03
8.948500000000000000e+03
9.313500000000000000e+03
9.679000000000000000e+03
1.004450000000000000e+04
1.040950000000000000e+04
1.077450000000000000e+04
1.114000000000000000e+04
1.150550000000000000e+04
1.187050000000000000e+04
1.223550000000000000e+04
1.260100000000000000e+04
1.296650000000000000e+04
1.333150000000000000e+04
1.369650000000000000e+04
1.406200000000000000e+04
1.442750000000000000e+04
1.479250000000000000e+04
1.515750000000000000e+04
1.552300000000000000e+04
1.588850000000000000e+04
1.625350000000000000e+04
1.661850000000000000e+04
1.698400000000000000e+04
1.734950000000000000e+04
1.771450000000000000e+04
1.807950000000000000e+04
1.844500000000000000e+04
1.881050000000000000e+04
1.917550000000000000e+04
1.954050000000000000e+04
1.990600000000000000e+04
2.027150000000000000e+04
2.063650000000000000e+04
2.100150000000000000e+04
2.136700000000000000e+04
2.173250000000000000e+04
