1.381836967801045647e+21
1.381834354815822201e+21
1.381833549829080613e+21
1.381832586775628874e+21
1.381832541890264957e+21
1.381832478304461652e+21
1.381831453674320429e+21
1.381830449620938654e+21
1.381830326747890450e+21
1.381831334577252336e+21
1.381832431858778898e+21
1.381832326637599326e+21
1.381832659897890898e+21
1.381832992172385763e+21
1.381832858631858553e+21
1.381832645315184558e+21
1.381832981053422698e+21
1.381832570510246412e+21
1.381832360785938743e+21
1.381832258984917860e+21
1.381831809065709208e+21
1.381831924990497260e+21
1.381832284728358339e+21
1.381833100324773298e+21
1.381833480226612183e+21
1.381833320174562574e+21
1.381833559206359204e+21
1.381833108713137242e+21
1.381832753630192337e+21
1.381832495127733731e+21
1.381833130285964460e+21
1.381833985950139810e+21
1.381834233951608898e+21
1.381833885765691245e+21
1.381833870240518767e+21
1.381834571217409409e+21
1.381834188579234906e+21
1.381835182360323424e+21
1.381834790793227010e+21
1.381834734245238538e+21
1.381834812510027907e+21
1.381834368210122047e+21
1.381834105339973730e+21
1.381833894893546111e+21
1.381834571232592790e+21
1.381834852896472302e+21
1.381834671929909314e+21
1.381834774754308391e+21
1.381835126647664411e+21
1.381835685401861554e+21
1.381835797615496397e+21
1.381835778053223743e+21
1.381835644657201316e+21
1.381836138395100774e+21
1.381836414102392013e+21
1.381835831629348340e+21
1.381835496249661325e+21
1.381835733497465799e+21
1.381836979062602203e+21
1.381837638731759354e+21
