3.587801301237534712e+00
3.585338309897289299e+00
3.582736855961259348e+00
3.581443492670564055e+00
3.581912847422821677e+00
3.580827477027147765e+00
3.575847070986031273e+00
3.572256796694987635e+00
3.569551999715617985e+00
3.567964751433823078e+00
3.567432419946305000e+00
3.566899138946901360e+00
3.565517804904669852e+00
3.564855877674375506e+00
3.564586233701679596e+00
3.562885875951967041e+00
3.562347585647157366e+00
3.562638130336429398e+00
3.563340362929199312e+00
3.563604643245224857e+00
3.563632072326806899e+00
3.564053068584679629e+00
3.563216059904485533e+00
3.562763916939374553e+00
3.562193666467205144e+00
3.558298288141203081e+00
3.557355022454109061e+00
3.558216422552041180e+00
3.559122873754862137e+00
3.559261579593977487e+00
3.559381091261965668e+00
3.560740840379028160e+00
3.561330798389987340e+00
3.561379389505661575e+00
3.558626269229703265e+00
3.556490872199222331e+00
3.556674910975260229e+00
3.557021085866283627e+00
3.557432228476577585e+00
3.558318466567800709e+00
3.557164781730436154e+00
3.557673512056779952e+00
3.559570944540813020e+00
3.562293767511979681e+00
3.563162328138341994e+00
3.562835941888085944e+00
3.563404521409971437e+00
3.563636179513904878e+00
3.564338987433398387e+00
3.564510640594956481e+00
3.566146424247095936e+00
3.567950062358400398e+00
3.567633461555876462e+00
3.568285652964063637e+00
3.570378555003542953e+00
3.572301318335270093e+00
3.573152655485990703e+00
3.574048781639727945e+00
3.574596362563938978e+00
3.577235938452109298e+00
