3.588559558377366621e+00
3.587686289144076834e+00
3.585989962498437933e+00
3.585451095624133000e+00
3.586399140155382526e+00
3.585920562624254515e+00
3.581024326506409672e+00
3.577795164304419906e+00
3.575300719647740433e+00
3.573593554614379553e+00
3.573437643542436870e+00
3.573390807217298182e+00
3.572307717541027383e+00
3.571891686554488299e+00
3.572044549809234137e+00
3.570395670036776270e+00
3.569538518373065017e+00
3.569841005877897100e+00
3.570360445216697265e+00
3.570957643138228388e+00
3.571235622659411746e+00
3.571869150298765394e+00
3.571306710135320639e+00
3.571039859243182679e+00
3.570427729125452920e+00
3.566877004050074795e+00
3.565594449078985040e+00
3.566420077189296656e+00
3.567519183215342338e+00
3.568244242749947226e+00
3.568589560085726919e+00
3.570037334890872049e+00
3.570975491306924265e+00
3.571184870249601850e+00
3.568510463713826741e+00
3.566401116777510705e+00
3.566430906898934161e+00
3.566885114495943476e+00
3.566989940167716089e+00
3.568184387788082557e+00
3.567375071986200297e+00
3.567477309949550257e+00
3.569164158103482531e+00
3.572183391869527380e+00
3.573630977805105857e+00
3.573656755200843804e+00
3.574137004313216792e+00
3.574665532190953510e+00
3.575325505770513335e+00
3.575319403834459120e+00
3.576469167322452680e+00
3.577831314276310515e+00
3.577202128410308823e+00
3.577401412940889980e+00
3.579347211974372556e+00
3.581369389765459044e+00
3.582311956520828122e+00
3.583081435531029868e+00
3.583320457255204872e+00
3.585471239595082071e+00
