1.381836969503049122e+21
1.381834383300967006e+21
1.381833563577508692e+21
1.381832629796202873e+21
1.381832608040321810e+21
1.381832510298126025e+21
1.381831445420896420e+21
1.381830463696207872e+21
1.381830367601343594e+21
1.381831354509795787e+21
1.381832463935691817e+21
1.381832423565039239e+21
1.381832744126192026e+21
1.381833091576987124e+21
1.381832940688901931e+21
1.381832708622130610e+21
1.381833044353751712e+21
1.381832617905131618e+21
1.381832408312555766e+21
1.381832305015447355e+21
1.381831849299140411e+21
1.381831976355114254e+21
1.381832351155455787e+21
1.381833156382033183e+21
1.381833526065707876e+21
1.381833317923937321e+21
1.381833585125284381e+21
1.381833137565185868e+21
1.381832822927294464e+21
1.381832581362019205e+21
1.381833226850163753e+21
1.381834051002164576e+21
1.381834295046318064e+21
1.381833911970126365e+21
1.381833899933327163e+21
1.381834592440385274e+21
1.381834215295811846e+21
1.381835181502193467e+21
1.381834801285320409e+21
1.381834771125340996e+21
1.381834843031840227e+21
1.381834373967422161e+21
1.381834090202873463e+21
1.381833857605882085e+21
1.381834577489879630e+21
1.381834861594529497e+21
1.381834666261999256e+21
1.381834747022881325e+21
1.381835151484013773e+21
1.381835691439471198e+21
1.381835774542851867e+21
1.381835799397091246e+21
1.381835681552336421e+21
1.381836175654031458e+21
1.381836447605598454e+21
1.381835893353320546e+21
1.381835559844032807e+21
1.381835790580379025e+21
1.381837031258619118e+21
1.381837657988572905e+21
