1.381837009753284018e+21
1.381834428646761169e+21
1.381833585431789437e+21
1.381832566593664582e+21
1.381832512582113559e+21
1.381832440163902947e+21
1.381831353758537482e+21
1.381830322839295361e+21
1.381830229411948921e+21
1.381831264456540946e+21
1.381832349684124090e+21
1.381832213708774310e+21
1.381832601013937504e+21
1.381832927462892503e+21
1.381832789462368911e+21
1.381832583171643539e+21
1.381832914030704722e+21
1.381832469430926574e+21
1.381832296058916700e+21
1.381832214346950509e+21
1.381831686784474415e+21
1.381831770772468924e+21
1.381832118029027639e+21
1.381832948119508091e+21
1.381833330973810885e+21
1.381833180612895965e+21
1.381833506386065490e+21
1.381833036419981640e+21
1.381832709692833923e+21
1.381832464383352242e+21
1.381833011963403960e+21
1.381833915888536388e+21
1.381834235284545339e+21
1.381833831518206689e+21
1.381833819900217655e+21
1.381834547150160134e+21
1.381834139963873821e+21
1.381835073400649548e+21
1.381834726011907867e+21
1.381834687226089046e+21
1.381834716242117657e+21
1.381834250553653461e+21
1.381833987395705635e+21
1.381833768330280829e+21
1.381834548442066846e+21
1.381834796537705660e+21
1.381834615632382132e+21
1.381834653206199140e+21
1.381835004750209221e+21
1.381835549622946497e+21
1.381835679382832939e+21
1.381835710602825433e+21
1.381835563949159875e+21
1.381836007140120855e+21
1.381836307428325982e+21
1.381835806386843550e+21
1.381835454490257916e+21
1.381835628924261892e+21
1.381836888393053897e+21
1.381837611650158952e+21
