3.587897980587697599e+00
3.585239394165229854e+00
3.582301437227600527e+00
3.580616025435892080e+00
3.580463406282058614e+00
3.578795289461479179e+00
3.573178611380261938e+00
3.569517409524045171e+00
3.566536091129173247e+00
3.564415494459500788e+00
3.563725959493898809e+00
3.562945733681318394e+00
3.561121287531441748e+00
3.560198020336217795e+00
3.559798382807885631e+00
3.557459801877159489e+00
3.556335309778173137e+00
3.556184238320704516e+00
3.556111991830006147e+00
3.555817205611613741e+00
3.555440774935327397e+00
3.555698451405812754e+00
3.554560081466220822e+00
3.553758216615758858e+00
3.552855140036670800e+00
3.548558231373557970e+00
3.546923263925958913e+00
3.547534847370992228e+00
3.548311233887343263e+00
3.548236391542634482e+00
3.547828822885148004e+00
3.549055676815290994e+00
3.549700266513315494e+00
3.549648716315969121e+00
3.546594963108716136e+00
3.544455861401349495e+00
3.544562688178972021e+00
3.545043037523574636e+00
3.545431081816579955e+00
3.546279452932866949e+00
3.544797554995160915e+00
3.544762569417771569e+00
3.546292180352404344e+00
3.548617880311698336e+00
3.549464342671531547e+00
3.548944143098167636e+00
3.549037616775289727e+00
3.548909411202969100e+00
3.549238963441351924e+00
3.548998648824165603e+00
3.550198407923137012e+00
3.551770213575311086e+00
3.551250751234114045e+00
3.551671105972092679e+00
3.553516383158107139e+00
3.555085667261151272e+00
3.555850437641566941e+00
3.556534024347776768e+00
3.556748653779679969e+00
3.558939386004379202e+00
